0.00000E+00 0.00000E+00
2.00000E-01 5.58240E-05
4.00000E-01 7.89470E-05
6.00000E-01 9.66900E-05
8.00000E-01 1.11650E-04
1.00000E+00 1.24830E-04
1.20000E+00 1.36740E-04
1.40000E+00 1.47700E-04
1.60000E+00 1.57890E-04
1.80000E+00 1.67470E-04
2.00000E+00 1.76530E-04
2.20000E+00 1.85150E-04
2.40000E+00 1.93380E-04
2.60000E+00 2.01280E-04
2.80000E+00 2.08870E-04
3.00000E+00 2.16210E-04
3.20000E+00 2.23300E-04
3.40000E+00 2.30170E-04
3.60000E+00 2.36840E-04
3.80000E+00 2.43330E-04
4.00000E+00 2.49650E-04
4.20000E+00 2.55820E-04
4.40000E+00 2.61840E-04
4.60000E+00 2.67720E-04
4.80000E+00 2.73480E-04
5.00000E+00 2.79120E-04
5.20000E+00 2.84650E-04
5.40000E+00 2.90070E-04
5.60000E+00 2.95390E-04
5.80000E+00 3.00620E-04
6.00000E+00 3.05760E-04
6.20000E+00 3.10810E-04
6.40000E+00 3.15790E-04
6.60000E+00 3.20680E-04
6.80000E+00 3.25510E-04
7.00000E+00 3.30260E-04
7.20000E+00 3.34940E-04
7.40000E+00 3.39560E-04
7.60000E+00 3.44120E-04
7.80000E+00 3.48620E-04
8.00000E+00 3.53060E-04
8.20000E+00 3.57450E-04
8.40000E+00 3.61780E-04
8.60000E+00 3.66060E-04
8.80000E+00 3.70290E-04
9.00000E+00 3.74480E-04
9.20000E+00 3.78620E-04
9.40000E+00 3.82710E-04
9.60000E+00 3.86760E-04
9.80000E+00 3.90770E-04
1.00000E+01 3.94730E-04
1.02000E+01 3.98660E-04
1.04000E+01 4.02550E-04
1.06000E+01 4.06400E-04
1.08000E+01 4.10220E-04
1.10000E+01 4.14000E-04
1.12000E+01 4.17750E-04
1.14000E+01 4.21460E-04
1.16000E+01 4.25140E-04
1.18000E+01 4.28790E-04
1.20000E+01 4.32410E-04
1.22000E+01 4.36000E-04
1.24000E+01 4.39560E-04
1.26000E+01 4.43090E-04
1.28000E+01 4.46590E-04
1.30000E+01 4.50070E-04
1.32000E+01 4.53520E-04
1.34000E+01 4.56940E-04
1.36000E+01 4.60340E-04
1.38000E+01 4.63710E-04
1.40000E+01 4.67060E-04
1.42000E+01 4.70380E-04
1.44000E+01 4.73680E-04
1.46000E+01 4.76960E-04
1.48000E+01 4.80220E-04
1.50000E+01 4.83450E-04
1.52000E+01 4.86660E-04
1.54000E+01 4.89850E-04
1.56000E+01 4.93020E-04
1.58000E+01 4.96170E-04
1.60000E+01 4.99300E-04
1.62000E+01 5.02420E-04
1.64000E+01 5.05510E-04
1.66000E+01 5.08580E-04
1.68000E+01 5.11630E-04
1.70000E+01 5.14670E-04
1.72000E+01 5.17690E-04
1.74000E+01 5.20690E-04
1.76000E+01 5.23670E-04
1.78000E+01 5.26640E-04
1.80000E+01 5.29590E-04
1.82000E+01 5.32530E-04
1.84000E+01 5.35440E-04
1.86000E+01 5.38350E-04
1.88000E+01 5.41230E-04
1.90000E+01 5.44100E-04
1.92000E+01 5.46960E-04
1.94000E+01 5.49800E-04
1.96000E+01 5.52630E-04
1.98000E+01 5.55440E-04
2.00000E+01 5.58240E-04
2.02000E+01 5.61020E-04
2.04000E+01 5.63790E-04
2.06000E+01 5.66550E-04
2.08000E+01 5.69290E-04
2.10000E+01 5.72030E-04
2.12000E+01 5.74740E-04
2.14000E+01 5.77450E-04
2.16000E+01 5.80140E-04
2.18000E+01 5.82820E-04
2.20000E+01 5.85490E-04
2.22000E+01 5.88140E-04
2.24000E+01 5.90780E-04
2.26000E+01 5.93420E-04
2.28000E+01 5.96040E-04
2.30000E+01 5.98640E-04
2.32000E+01 6.01240E-04
2.34000E+01 6.03830E-04
2.36000E+01 6.06400E-04
2.38000E+01 6.08970E-04
2.40000E+01 6.11520E-04
2.42000E+01 6.14060E-04
2.44000E+01 6.16600E-04
2.46000E+01 6.19120E-04
2.48000E+01 6.21630E-04
2.50000E+01 6.24130E-04
2.52000E+01 6.26620E-04
2.54000E+01 6.29100E-04
2.56000E+01 6.31580E-04
2.58000E+01 6.34040E-04
2.60000E+01 6.36490E-04
2.62000E+01 6.38930E-04
2.64000E+01 6.41370E-04
2.66000E+01 6.43790E-04
2.68000E+01 6.46210E-04
2.70000E+01 6.48620E-04
2.72000E+01 6.51010E-04
2.74000E+01 6.53400E-04
2.76000E+01 6.55780E-04
2.78000E+01 6.58150E-04
2.80000E+01 6.60520E-04
2.82000E+01 6.62870E-04
2.84000E+01 6.65220E-04
2.86000E+01 6.67560E-04
2.88000E+01 6.69890E-04
2.90000E+01 6.72210E-04
2.92000E+01 6.74520E-04
2.94000E+01 6.76830E-04
2.96000E+01 6.79130E-04
2.98000E+01 6.81420E-04
3.00000E+01 6.83700E-04
3.02000E+01 6.85980E-04
3.04000E+01 6.88240E-04
3.06000E+01 6.90500E-04
3.08000E+01 6.92760E-04
3.10000E+01 6.95000E-04
3.12000E+01 6.97240E-04
3.14000E+01 6.99470E-04
3.16000E+01 7.01700E-04
3.18000E+01 7.03910E-04
3.20000E+01 7.06120E-04
3.22000E+01 7.08330E-04
3.24000E+01 7.10520E-04
3.26000E+01 7.12710E-04
3.28000E+01 7.14900E-04
3.30000E+01 7.17070E-04
3.32000E+01 7.19240E-04
3.34000E+01 7.21400E-04
3.36000E+01 7.23560E-04
3.38000E+01 7.25710E-04
3.40000E+01 7.27850E-04
3.42000E+01 7.29990E-04
3.44000E+01 7.32120E-04
3.46000E+01 7.34250E-04
3.48000E+01 7.36370E-04
3.50000E+01 7.38480E-04
3.52000E+01 7.40590E-04
3.54000E+01 7.42690E-04
3.56000E+01 7.44780E-04
3.58000E+01 7.46870E-04
3.60000E+01 7.48960E-04
3.62000E+01 7.51030E-04
3.64000E+01 7.53110E-04
3.66000E+01 7.55170E-04
3.68000E+01 7.57230E-04
3.70000E+01 7.59290E-04
3.72000E+01 7.61340E-04
3.74000E+01 7.63380E-04
3.76000E+01 7.65420E-04
3.78000E+01 7.67450E-04
3.80000E+01 7.69480E-04
3.82000E+01 7.71500E-04
3.84000E+01 7.73520E-04
3.86000E+01 7.75530E-04
3.88000E+01 7.77540E-04
3.90000E+01 7.79540E-04
3.92000E+01 7.81540E-04
3.94000E+01 7.83530E-04
3.96000E+01 7.85510E-04
3.98000E+01 7.87490E-04
4.00000E+01 7.89470E-04
4.02000E+01 7.91440E-04
4.04000E+01 7.93410E-04
4.06000E+01 7.95370E-04
4.08000E+01 7.97330E-04
4.10000E+01 7.99280E-04
4.12000E+01 8.01220E-04
4.14000E+01 8.03170E-04
4.16000E+01 8.05100E-04
4.18000E+01 8.07040E-04
4.20000E+01 8.08970E-04
4.22000E+01 8.10890E-04
4.24000E+01 8.12810E-04
4.26000E+01 8.14720E-04
4.28000E+01 8.16630E-04
4.30000E+01 8.18540E-04
4.32000E+01 8.20440E-04
4.34000E+01 8.22340E-04
4.36000E+01 8.24230E-04
4.38000E+01 8.26120E-04
4.40000E+01 8.28000E-04
4.42000E+01 8.29880E-04
4.44000E+01 8.31760E-04
4.46000E+01 8.33630E-04
4.48000E+01 8.35500E-04
4.50000E+01 8.37360E-04
4.52000E+01 8.39220E-04
4.54000E+01 8.41070E-04
4.56000E+01 8.42920E-04
4.58000E+01 8.44770E-04
4.60000E+01 8.46610E-04
4.62000E+01 8.48450E-04
4.64000E+01 8.50280E-04
4.66000E+01 8.52120E-04
4.68000E+01 8.53940E-04
4.70000E+01 8.55760E-04
4.72000E+01 8.57580E-04
4.74000E+01 8.59400E-04
4.76000E+01 8.61210E-04
4.78000E+01 8.63020E-04
4.80000E+01 8.64820E-04
4.82000E+01 8.66620E-04
4.84000E+01 8.68420E-04
4.86000E+01 8.70210E-04
4.88000E+01 8.72000E-04
4.90000E+01 8.73780E-04
4.92000E+01 8.75560E-04
4.94000E+01 8.77340E-04
4.96000E+01 8.79120E-04
4.98000E+01 8.80890E-04
5.00000E+01 8.82650E-04
5.02000E+01 8.84420E-04
5.04000E+01 8.86180E-04
5.06000E+01 8.87930E-04
5.08000E+01 8.89690E-04
5.10000E+01 8.91440E-04
5.12000E+01 8.93180E-04
5.14000E+01 8.94930E-04
5.16000E+01 8.96670E-04
5.18000E+01 8.98400E-04
5.20000E+01 9.00130E-04
5.22000E+01 9.01860E-04
5.24000E+01 9.03590E-04
5.26000E+01 9.05310E-04
5.28000E+01 9.07030E-04
5.30000E+01 9.08750E-04
5.32000E+01 9.10460E-04
5.34000E+01 9.12170E-04
5.36000E+01 9.13880E-04
5.38000E+01 9.15580E-04
5.40000E+01 9.17280E-04
5.42000E+01 9.18980E-04
5.44000E+01 9.20670E-04
5.46000E+01 9.22360E-04
5.48000E+01 9.24050E-04
5.50000E+01 9.25740E-04
5.52000E+01 9.27420E-04
5.54000E+01 9.29100E-04
5.56000E+01 9.30770E-04
5.58000E+01 9.32440E-04
5.60000E+01 9.34110E-04
5.62000E+01 9.35780E-04
5.64000E+01 9.37440E-04
5.66000E+01 9.39100E-04
5.68000E+01 9.40760E-04
5.70000E+01 9.42420E-04
5.72000E+01 9.44070E-04
5.74000E+01 9.45720E-04
5.76000E+01 9.47360E-04
5.78000E+01 9.49010E-04
5.80000E+01 9.50650E-04
5.82000E+01 9.52280E-04
5.84000E+01 9.53920E-04
5.86000E+01 9.55550E-04
5.88000E+01 9.57180E-04
5.90000E+01 9.58810E-04
5.92000E+01 9.60430E-04
5.94000E+01 9.62050E-04
5.96000E+01 9.63670E-04
5.98000E+01 9.65290E-04
6.00000E+01 9.66900E-04
