0.00000e+00 9.75000e-05
2.00000e-01 1.04463e-04
4.00000e-01 1.12030e-04
6.00000e-01 1.18321e-04
8.00000e-01 1.25212e-04
1.00000e+00 1.31462e-04
1.20000e+00 1.37951e-04
1.40000e+00 1.44583e-04
1.60000e+00 1.50022e-04
1.80000e+00 1.56385e-04
2.00000e+00 1.61599e-04
2.20000e+00 1.67399e-04
2.40000e+00 1.73361e-04
2.60000e+00 1.78183e-04
2.80000e+00 1.83685e-04
3.00000e+00 1.89366e-04
3.20000e+00 1.93907e-04
3.40000e+00 1.99148e-04
3.60000e+00 2.04548e-04
3.80000e+00 2.08851e-04
4.00000e+00 2.13846e-04
4.20000e+00 2.19015e-04
4.40000e+00 2.23119e-04
4.60000e+00 2.27907e-04
4.80000e+00 2.32871e-04
5.00000e+00 2.36889e-04
5.20000e+00 2.41387e-04
5.40000e+00 2.46188e-04
5.60000e+00 2.50592e-04
5.80000e+00 2.54304e-04
6.00000e+00 2.58699e-04
6.20000e+00 2.63260e-04
6.40000e+00 2.66899e-04
6.60000e+00 2.71056e-04
6.80000e+00 2.75563e-04
7.00000e+00 2.79577e-04
7.20000e+00 2.83020e-04
7.40000e+00 2.87059e-04
7.60000e+00 2.91369e-04
7.80000e+00 2.95236e-04
8.00000e+00 2.98512e-04
8.20000e+00 3.02419e-04
8.40000e+00 3.06530e-04
8.60000e+00 3.10296e-04
8.80000e+00 3.13456e-04
9.00000e+00 3.17216e-04
9.20000e+00 3.21238e-04
9.40000e+00 3.24821e-04
9.60000e+00 3.27866e-04
9.80000e+00 3.31501e-04
1.00000e+01 3.35412e-04
1.02000e+01 3.38879e-04
1.04000e+01 3.41970e-04
1.06000e+01 3.45305e-04
1.08000e+01 3.49018e-04
1.10000e+01 3.52505e-04
1.12000e+01 3.55888e-04
1.14000e+01 3.58701e-04
1.16000e+01 3.62121e-04
1.18000e+01 3.65782e-04
1.20000e+01 3.69021e-04
1.22000e+01 3.72069e-04
1.24000e+01 3.75021e-04
1.26000e+01 3.78371e-04
1.28000e+01 3.81801e-04
1.30000e+01 3.84976e-04
1.32000e+01 3.87677e-04
1.34000e+01 3.90811e-04
1.36000e+01 3.94294e-04
1.38000e+01 3.97353e-04
1.40000e+01 4.00427e-04
1.42000e+01 4.03017e-04
1.44000e+01 4.06090e-04
1.46000e+01 4.09424e-04
1.48000e+01 4.12434e-04
1.50000e+01 4.15417e-04
1.52000e+01 4.17944e-04
1.54000e+01 4.20912e-04
1.56000e+01 4.24201e-04
1.58000e+01 4.27086e-04
1.60000e+01 4.29986e-04
1.62000e+01 4.32528e-04
1.64000e+01 4.35311e-04
1.66000e+01 4.38342e-04
1.68000e+01 4.41383e-04
1.70000e+01 4.44172e-04
1.72000e+01 4.46985e-04
1.74000e+01 4.49310e-04
1.76000e+01 4.52191e-04
1.78000e+01 4.55251e-04
1.80000e+01 4.58001e-04
1.82000e+01 4.60741e-04
1.84000e+01 4.63067e-04
1.86000e+01 4.65789e-04
1.88000e+01 4.68813e-04
1.90000e+01 4.71526e-04
1.92000e+01 4.74169e-04
1.94000e+01 4.76835e-04
1.96000e+01 4.79039e-04
1.98000e+01 4.81767e-04
2.00000e+01 4.84677e-04
2.02000e+01 4.87296e-04
2.04000e+01 4.89897e-04
2.06000e+01 4.92447e-04
2.08000e+01 4.94637e-04
2.10000e+01 4.97310e-04
2.12000e+01 5.00143e-04
2.14000e+01 5.02688e-04
2.16000e+01 5.05221e-04
2.18000e+01 5.07617e-04
2.20000e+01 5.09849e-04
2.22000e+01 5.12457e-04
2.24000e+01 5.15218e-04
2.26000e+01 5.17699e-04
2.28000e+01 5.20170e-04
2.30000e+01 5.22577e-04
2.32000e+01 5.24681e-04
2.34000e+01 5.27228e-04
2.36000e+01 5.29929e-04
2.38000e+01 5.32356e-04
2.40000e+01 5.34771e-04
2.42000e+01 5.37186e-04
2.44000e+01 5.39185e-04
2.46000e+01 5.41657e-04
2.48000e+01 5.44307e-04
2.50000e+01 5.46689e-04
2.52000e+01 5.49047e-04
2.54000e+01 5.51412e-04
2.56000e+01 5.53409e-04
2.58000e+01 5.55734e-04
2.60000e+01 5.58396e-04
2.62000e+01 5.60737e-04
2.64000e+01 5.63019e-04
2.66000e+01 5.65320e-04
2.68000e+01 5.67601e-04
2.70000e+01 5.69528e-04
2.72000e+01 5.71903e-04
2.74000e+01 5.74434e-04
2.76000e+01 5.76731e-04
2.78000e+01 5.78961e-04
2.80000e+01 5.81218e-04
2.82000e+01 5.83181e-04
2.84000e+01 5.85340e-04
2.86000e+01 5.87706e-04
2.88000e+01 5.90144e-04
2.90000e+01 5.92332e-04
2.92000e+01 5.94537e-04
2.94000e+01 5.96742e-04
2.96000e+01 5.98612e-04
2.98000e+01 6.00794e-04
3.00000e+01 6.03291e-04
3.02000e+01 6.05460e-04
3.04000e+01 6.07620e-04
3.06000e+01 6.09775e-04
3.08000e+01 6.11934e-04
3.10000e+01 6.13756e-04
3.12000e+01 6.15904e-04
3.14000e+01 6.18347e-04
3.16000e+01 6.20491e-04
3.18000e+01 6.22584e-04
3.20000e+01 6.24695e-04
3.22000e+01 6.26809e-04
3.24000e+01 6.28612e-04
3.26000e+01 6.30691e-04
3.28000e+01 6.33059e-04
3.30000e+01 6.35169e-04
3.32000e+01 6.37243e-04
3.34000e+01 6.39314e-04
3.36000e+01 6.41388e-04
3.38000e+01 6.43223e-04
3.40000e+01 6.45172e-04
3.42000e+01 6.47325e-04
3.44000e+01 6.49601e-04
3.46000e+01 6.51646e-04
3.48000e+01 6.53653e-04
3.50000e+01 6.55676e-04
3.52000e+01 6.57704e-04
3.54000e+01 6.59395e-04
3.56000e+01 6.61455e-04
3.58000e+01 6.63741e-04
3.60000e+01 6.65764e-04
3.62000e+01 6.67731e-04
3.64000e+01 6.69716e-04
3.66000e+01 6.71712e-04
3.68000e+01 6.73447e-04
3.70000e+01 6.75355e-04
3.72000e+01 6.77414e-04
3.74000e+01 6.79596e-04
3.76000e+01 6.81585e-04
3.78000e+01 6.83512e-04
3.80000e+01 6.85458e-04
3.82000e+01 6.87414e-04
3.84000e+01 6.89055e-04
3.86000e+01 6.91008e-04
3.88000e+01 6.93206e-04
3.90000e+01 6.95170e-04
3.92000e+01 6.97066e-04
3.94000e+01 6.98981e-04
3.96000e+01 7.00889e-04
3.98000e+01 7.02803e-04
4.00000e+01 7.04405e-04
4.02000e+01 7.06344e-04
4.04000e+01 7.08504e-04
4.06000e+01 7.10402e-04
4.08000e+01 7.12280e-04
4.10000e+01 7.14158e-04
4.12000e+01 7.16031e-04
4.14000e+01 7.17901e-04
4.16000e+01 7.19481e-04
4.18000e+01 7.21388e-04
4.20000e+01 7.23505e-04
4.22000e+01 7.25373e-04
4.24000e+01 7.27216e-04
4.26000e+01 7.29060e-04
4.28000e+01 7.30899e-04
4.30000e+01 7.32751e-04
4.32000e+01 7.34297e-04
4.34000e+01 7.36156e-04
4.36000e+01 7.38236e-04
4.38000e+01 7.40095e-04
4.40000e+01 7.41889e-04
4.42000e+01 7.43702e-04
4.44000e+01 7.45508e-04
4.46000e+01 7.47325e-04
4.48000e+01 7.48879e-04
4.50000e+01 7.50661e-04
4.52000e+01 7.52623e-04
4.54000e+01 7.54553e-04
4.56000e+01 7.56324e-04
4.58000e+01 7.58096e-04
4.60000e+01 7.59871e-04
4.62000e+01 7.61658e-04
4.64000e+01 7.63314e-04
4.66000e+01 7.64916e-04
4.68000e+01 7.66737e-04
4.70000e+01 7.68742e-04
4.72000e+01 7.70526e-04
4.74000e+01 7.72254e-04
4.76000e+01 7.74002e-04
4.78000e+01 7.75746e-04
4.80000e+01 7.77503e-04
4.82000e+01 7.78998e-04
4.84000e+01 7.80727e-04
4.86000e+01 7.82652e-04
4.88000e+01 7.84465e-04
4.90000e+01 7.86190e-04
4.92000e+01 7.87910e-04
4.94000e+01 7.89626e-04
4.96000e+01 7.91345e-04
4.98000e+01 7.93052e-04
5.00000e+01 7.94510e-04
5.02000e+01 7.96252e-04
5.04000e+01 7.98193e-04
5.06000e+01 7.99911e-04
5.08000e+01 8.01607e-04
5.10000e+01 8.03296e-04
5.12000e+01 8.04981e-04
5.14000e+01 8.06680e-04
5.16000e+01 8.08292e-04
5.18000e+01 8.09781e-04
5.20000e+01 8.11506e-04
5.22000e+01 8.13414e-04
5.24000e+01 8.15099e-04
5.26000e+01 8.16763e-04
5.28000e+01 8.18426e-04
5.30000e+01 8.20083e-04
5.32000e+01 8.21755e-04
5.34000e+01 8.23335e-04
5.36000e+01 8.24807e-04
5.38000e+01 8.26503e-04
5.40000e+01 8.28381e-04
5.42000e+01 8.30040e-04
5.44000e+01 8.31679e-04
5.46000e+01 8.33313e-04
5.48000e+01 8.34944e-04
5.50000e+01 8.36585e-04
5.52000e+01 8.38192e-04
5.54000e+01 8.39598e-04
5.56000e+01 8.41257e-04
5.58000e+01 8.43106e-04
5.60000e+01 8.44748e-04
5.62000e+01 8.46366e-04
5.64000e+01 8.47969e-04
5.66000e+01 8.49574e-04
5.68000e+01 8.51181e-04
5.70000e+01 8.52803e-04
5.72000e+01 8.54178e-04
5.74000e+01 8.55777e-04
5.76000e+01 8.57568e-04
5.78000e+01 8.59224e-04
5.80000e+01 8.60840e-04
5.82000e+01 8.62403e-04
5.84000e+01 8.63986e-04
5.86000e+01 8.65566e-04
5.88000e+01 8.67154e-04
5.90000e+01 8.68603e-04
5.92000e+01 8.70075e-04
5.94000e+01 8.71698e-04
5.96000e+01 8.73486e-04
5.98000e+01 8.75083e-04
6.00000e+01 8.76629e-04
